%YAML:1.0
M1: !!opencv-matrix
   rows: 3
   cols: 3
   dt: d
   data: [1121.92393748798, 0, 497.860796467136, 0, 1119.39741593086, 531.679923351873, 0, 0, 1]
D1: !!opencv-matrix
   rows: 4
   cols: 1
   dt: d
   data: [-0.0222012000533631, -0.061602046815364, 0.00316440112261668, 0.000624283144942345]
M2: !!opencv-matrix
   rows: 3
   cols: 3
   dt: d
   data: [1108.67370474103, 0, 580.78912317147, 0, 1112.45137982297, 502.41643454775, 0, 0, 1]
D2: !!opencv-matrix
   rows: 4
   cols: 1
   dt: d
   data: [-0.0418608141081368, 0.0196835833773839, -0.00226324643139972, -0.00275361031886388]
