%YAML:1.0
R: !!opencv-matrix
   rows: 3
   cols: 3
   dt: d
   data: [0.999813317139531, -0.0167718601851281, 0.00959351741432884, 0.0165824843680798, 0.999672523997085, 0.0194901507813638, -0.00991726185148418, -0.019327427951707, 0.999764021380116]
T: !!opencv-matrix
   rows: 3
   cols: 1
   dt: d
   data: [-122.837652893901, -0.37217703952971, -1.16693549743025]
