%YAML:1.0
R: !!opencv-matrix
   rows: 3
   cols: 3
   dt: d
   data: [0.999925985609183, -0.00373968082176347, 0.0115774820602522, 0.00381271799216734, 0.99997293078363, -0.006292923129096, -0.0115536351429466, 0.00633659903637926, 0.999913176744679]
T: !!opencv-matrix
   rows: 3
   cols: 1
   dt: d
   data: [-243.283344278397, 0.166203060136809, 2.9156657145734]