%YAML:1.0
M1: !!opencv-matrix
   rows: 3
   cols: 3
   dt: d
   data: [870.830688492316, 0, 1007.62780232799, 0, 872.188795377655, 515.033759223386, 0, 0, 1]
D1: !!opencv-matrix
   rows: 4
   cols: 1
   dt: d
   data: [-0.312733205128721, 0.0962054336928378, 0, 0]
M2: !!opencv-matrix
   rows: 3
   cols: 3
   dt: d
   data: [873.29818795351, 0, 986.501249941792, 0, 874.379908093267, 506.056666133169, 0, 0, 1]
D2: !!opencv-matrix
   rows: 4
   cols: 1
   dt: d
   data: [-0.315143616250757, 0.103134067504425, 0, 0]