%YAML:1.0
R: !!opencv-matrix
   rows: 3
   cols: 3
   dt: d
   data: [0.999833156299989, 0.00880344292175746, 0.0160049666018105, -0.00880839403921158, 0.999961176811723, 0.000238880231282351, -0.0160022422694975, -0.000379818428033864, 0.999871883783273]
T: !!opencv-matrix
   rows: 3
   cols: 1
   dt: d
   data: [-119.084934000858, 0.642984593346898, 0.330690595345312]