%YAML:1.0
M1: !!opencv-matrix
   rows: 3
   cols: 3
   dt: d
   data: [2436.83029340196, 0, 1178.31330094494, 0, 2435.55720841232, 1072.48021089577, 0, 0, 1]
D1: !!opencv-matrix
   rows: 4
   cols: 1
   dt: d
   data: [-0.100963500508749, 0.181353056088552, 3.61303260537311e-05, 9.0728244813252e-05]
M2: !!opencv-matrix
   rows: 3
   cols: 3
   dt: d
   data: [2440.4593767667, 0, 1252.62439030444, 0, 2439.05050428011, 1070.17558754655, 0, 0, 1]
D2: !!opencv-matrix
   rows: 4
   cols: 1
   dt: d
   data: [-0.104049272673925, 0.178940390783559, -0.000461372505379673, 0.000418271147026407]